2.129467
1.4706061
3.7576654
-1.0030007
-1.4757659
-1.1678462
2.0868676
1.2421025
3.2445669
0.4801177
-1.299772
-2.5975139
1.0422224
0.80020936
-1.1112715
-2.2117495
-1.0289382
-1.0699906
0.54537109
5.3673892
-1.2968659
1.1669957
-0.73597369
-2.0698864
1.8444295
2.4090475
-1.2807805
-1.4836128
3.5093223
1.5447648
1.7796643
1.6762754
-1.2859222
-1.1404381
0.52019851
-0.65846816
-1.7775481
0.4496879
-1.9862916
-1.1836598
0.91649808
-0.56850548
-0.86375226
-1.2569402
-1.4553852
0.51477145
0.89174083
-0.72902554
0.88714677
4.4704949
-1.8438313
1.2480118
3.8875161
3.8090689
1.2584654
2.1524058
3.1091896
1.7316037
-1.2200672
-1.3289189
0.9663505
0.83897692
4.9388562
0.44992326
1.8460702
0.86739119
-1.083557
5.8500515
1.1825013
1.4192594
1.942075
-1.8622843
-1.3038073
-1.0870955
1.3942702
-0.45512029
2.4225949
0.555376
0.87931346
1.313036
1.5962001
0.55329857
3.7899143
-1.3938256
1.7195681
-1.211741
2.2050903
3.2566413
-1.0768366
-1.5679276
-1.0030181
1.4118287
-1.5992878
3.2796395
-0.50848132
0.56481385
-0.74137391
-1.1055604
-1.4454475
-1.4975473
-0.022224412
3.8948441
0.38260712
-2.3209853
3.0352471
2.5329987
-0.85723201
2.0317546
1.355845
2.8910435
1.0418927
1.8419226
-0.094059114
-1.7243298
0.92852766
-1.2005065
-1.4352141
-1.2946719
3.291285
-1.1291538
1.1399567
1.8904799
-1.2895667
2.4531091
1.0242932
-1.847007
-1.2186675
2.1510012
1.2028062
3.1029485
-1.6189829
0.57775583
-0.69801852
0.70617131
-1.2317609
-1.3501718
-1.0608435
1.49937
-1.0218127
-0.92009554
1.26994
-1.1865867
-0.308422
-1.5727463
0.72530731
1.1373047
-1.1291436
-1.8718915
-1.2003252
-0.83627813
-0.50438449
1.0505038
-0.81651243
2.5167219
0.41763143
0.33041235
1.0857159
-1.6480396
-1.1588594
4.1492571
-0.15436609
1.7959251
1.1738782
-0.94729836
-1.7898561
1.3826969
1.4552221
0.9989332
-1.3184131
1.6439025
1.8807438
1.3770807
2.3438953
-1.4337272
0.26426783
3.6868075
-0.96281516
3.2587259
3.4050971
1.9072234
-0.013507579
-1.9357223
1.7374043
-0.039264373
-1.4226937
-1.2039834
-1.4697181
1.220089
-0.7015739
-1.6791875
-0.7270236
3.4183806
2.0030524
0.84803569
-0.84146303
1.0187548
0.60071457
0.92664174
-1.2089918
-0.48188937
-1.680099
0.55332062
-0.17390526
1.1002661
-1.3818442
0.11726222
-0.24385027
3.215164
1.8395705
1.0729567
1.8315155
-0.96980483
1.561583
0.77001424
-1.1036587
1.1916757
-0.85296438
-0.13665998
-0.91665591
-1.8602699
-1.0495883
2.1340798
-1.0865419
2.4664209
1.1808512
0.7094484
-0.011758841
0.74981382
1.1730045
0.1444854
2.3281969
2.0021164
-1.2821586
-0.39300537
0.2162054
1.20551
3.3942841
-1.3598213
0.90083573
-0.59529304
1.1582711
1.4081395
0.85122766
1.052026
-0.94348601
4.1446866
-1.2993174
-0.96523439
3.5238824
1.0671966
-1.3566395
-1.5573311
2.088147
2.1833851
1.4401423
2.7661639
-1.0477446
-0.90408502
3.8335983
0.73763151
3.2253963
-0.96950385
-0.69204002
-0.39892033
3.1946572
-1.4833529
3.3188597
3.1319893
-1.4061745
-0.52427656
-0.60082247
1.3977651
-1.20892
1.0877637
-1.3078322
3.1588276
-1.1815326
-0.47620249
1.2135075
-1.5888626
1.0284273
1.9783056
0.44511694
-1.4200651
0.79989085
1.3062321
0.27478181
-1.667165
2.9732969
-1.5411634
2.2301499
-1.5949316
1.4120597
-1.1338728
2.4198416
1.9735492
-0.79047778
-1.5470481
-0.97360597
-1.1584447
-2.2649964
1.2594759
-0.52880024
-1.7900935
-0.17533222
-0.98868761
-1.2846723
0.72420764
1.4985374
-0.65527011
4.595389
-0.15462793
-1.4230896
1.134028
0.93143298
0.72764132
0.40709582
-1.6152299
0.95942756
-2.653022
1.6909
5.4784067
-1.3077073
-0.80864269
3.5984561
2.5570662
-0.83895267
-1.6860173
-1.4433643
-0.93778015
-1.9251108
2.2767175
1.8766159
-1.8022896
1.9615154
-0.16701432
-1.4327211
4.4567494
1.3713408
-0.013859271
3.9314524
1.8194267
-0.64337278
-1.1355735
-1.2317947
-2.0641027
0.89352277
1.0710404
-2.351087
-0.21702455
-0.6560001
-0.6614768
0.91311609
2.290519
-0.60367201
1.6099043
3.8724853
1.2275587
-1.4710139
3.0646266
0.069676815
-1.3738888
0.86133625
2.6242649
-1.8144916
0.83966014
-1.3033266
2.3727075
-0.61248871
3.2025284
-1.8245504
-2.0247051
-1.0369853
-0.9402717
1.1344544
-1.1947544
0.98801896
-1.872872
-2.6419112
-2.7716034
-0.97366385
-1.0797139
-0.43794505
0.99017279
-1.5850994
-1.1135582
1.2121828
-1.8339815
-1.1091841
-1.3917537
1.4684863
-0.87279507
0.65629443
-1.6533366
1.3605378
-1.9082341
-1.2645189
-1.5602359
-0.61486579
1.4262425
-0.93835341
0.98547376
3.166806
1.4555638
-1.0447446
-0.28909795
-0.72940294
-0.72640998
-1.8021194
-1.0933215
-1.1252461
1.4006406
-0.78573874
1.4017929
-1.495984
-0.84480875
13.765942
1.3783995
-0.75961433
0.1865411
-2.1006474
-0.87546486
