1.3786221
-1.5494092
-1.4609343
-1.0791645
1.4549228
-1.6225741
0.85280877
1.9091478
0.99446282
-1.0295635
-0.65497426
0.17276727
0.95714312
2.3977804
0.69159007
-0.82617387
1.240793
1.6278147
0.91725868
0.83975036
1.1797676
-1.0602857
1.5090984
-1.1575962
-1.1299469
-1.6302103
-1.0316034
-0.97537754
2.5353496
-1.1097243
1.2616115
0.76835855
1.5055774
-0.13684054
-0.95954003
-1.236039
0.70521845
0.9258162
-1.9122369
-1.1491799
-0.93708285
-1.6643199
-0.89898889
3.2380335
-1.4413712
0.73528092
-0.28443299
0.43033364
-1.9862658
3.5664032
-1.4059927
0.94865171
-2.0076371
0.5931503
2.0722858
-0.30193881
3.7898519
1.0184104
2.5463467
-1.3141006
1.3477542
-1.523203
0.76240453
-0.99406815
-1.1978061
2.5585255
-0.73113144
2.272895
-1.0148914
1.3594242
-0.93253669
2.5177656
-0.94401357
-1.4838319
1.1184401
-1.6396229
3.1545082
1.0209651
-1.2647724
-0.70119561
-1.3942476
-0.99255323
-0.93686827
-0.38380571
0.82832856
0.78541608
3.3143009
-1.7809981
3.9162374
0.02657586
1.9923667
-1.1499814
1.017878
-1.1331796
0.93884161
-1.1770444
-0.31036001
1.4377841
2.298719
0.26968923
-1.651909
1.360541
-0.84984301
-1.1186379
0.99777944
-2.4093694
1.154624
1.171467
-1.231397
-0.80226005
-1.0009142
-1.7808584
-1.6759237
-0.39406504
-1.203119
0.97762262
-0.90605006
2.4583035
-0.055981835
3.6492706
0.35478115
1.3469584
-1.1443088
-1.7798916
1.5915424
-0.61222662
-2.5731999
-1.5799625
-0.40671375
1.404513
1.2862376
1.2197764
-2.1942833
-2.5551732
-1.5319393
1.0408526
0.57693475
1.0192921
0.44744067
2.204613
1.3955213
3.0858431
0.97790811
-1.3694055
-1.1732425
-1.6130614
-0.61371383
-1.0891294
-0.8308483
2.4140477
0.12559275
1.8612481
-1.1496741
0.56133713
1.0886463
-0.5946866
1.4240517
2.3285404
4.2906526
-0.811629
-1.874904
-1.3039837
-0.97792342
-0.94479685
-1.2497734
-0.14510691
2.19882
-1.2669046
1.1669524
1.1186077
-1.7978528
-2.3201579
-0.596762
-1.3702791
-1.0796824
-1.2424982
3.4527329
-1.7291841
1.8328113
3.6898105
3.0326249
-1.0105643
0.41033239
2.9378096
3.122431
-0.92076145
-2.020304
-0.40272938
-1.1251652
1.3949594
1.095892
0.53389135
1.1201052
1.9286567
-1.5643893
-0.46019202
-0.93526348
-1.4026932
-1.9939409
0.6367383
-1.4491703
0.86019476
-1.1938478
-1.2274767
1.0210662
-2.0974985
1.118573
3.7090387
-0.75801617
0.99895813
1.1228176
-2.3630851
-1.6923354
2.5346478
1.5266789
3.0115064
-0.95410347
3.4337691
1.7668772
0.23478148
-0.91192389
0.67858305
-0.97218321
-1.0303521
1.7095583
0.75613025
1.2279297
0.76780175
-2.0699061
-1.3100342
-1.0778872
-1.4924459
-1.3494881
-1.958053
1.0009752
2.4223546
1.6074264
0.2851347
1.2662088
1.2825354
-1.8119565
-1.0678345
-1.1572265
1.0448436
-1.1808888
-1.5639694
-0.95586305
1.0237188
3.5097375
1.5101217
1.1538748
-1.8074455
3.7852229
-1.3438371
1.430891
-1.2323719
-1.846091
-1.551037
-1.4535258
2.6913239
0.11977732
-1.0091181
-1.1218621
1.0471268
2.601859
1.2561834
0.91284044
-0.96487308
-1.1715798
-1.6174814
0.9271641
-1.5152859
2.098975
-1.1250831
-1.9735244
-0.74261827
2.8608325
5.2724849
-1.3466146
-1.0548283
-1.9883263
-1.6879037
-0.56982502
1.4640514
-0.60973549
1.1655439
-1.1781042
-0.95515219
-1.742572
-1.075332
-1.5960908
1.3484204
-0.66881998
-1.1490459
1.6605628
-2.1596366
-0.62265229
-1.5537539
1.0261419
-1.2013203
-1.3042341
-0.50657045
-0.90578797
1.3676697
-2.4286815
-1.0736537
1.1480951
2.2750824
-1.3663796
1.0600771
-0.88260267
3.6718485
5.1206314
1.0452658
1.5199895
1.1186525
-2.2260329
3.6428905
-0.71689655
-0.75425128
1.5672255
-0.73069311
-0.32272406
-1.7388062
-0.84028821
-0.67308589
-1.0301631
1.4180747
-1.2778906
-1.1885271
3.5234208
0.3565066
-0.40941654
1.1689022
1.4601161
-0.79374183
2.7335056
0.65184106
1.3791053
-1.41621
-1.3633309
0.23923588
3.4819485
2.0995814
-1.9259247
-0.85044003
1.551572
-1.7801945
-0.51987561
-0.11054831
3.23783
1.401518
0.87490279
2.7767712
-0.41064977
-0.38285046
1.1881483
0.38143445
-2.1851981
-0.7744261
0.6490437
-0.49618157
-1.0116892
-0.53163373
1.1846822
-1.3884652
-1.1360771
3.2796554
0.022029515
1.343758
-1.5913135
2.8564565
-0.97833362
3.5969666
2.6804584
2.1011827
1.1314836
3.4372882
1.1668693
-0.60954361
-1.0787424
0.40770168
-0.97644423
-1.0382903
-1.174752
1.4838903
1.5975893
3.717055
-0.90790122
-1.5958642
-0.5995378
0.12785165
-1.9882445
1.5849009
-1.1030365
3.5391271
-1.9412414
-1.026586
0.55594437
-0.85421539
-1.1311071
1.8303198
-1.3293005
-0.4010882
3.5822077
-1.1787948
-1.1015489
-0.85869954
1.1349194
-0.30595472
-0.69553983
1.6260362
1.9471104
0.55806962
1.5640264
1.9514189
3.3693361
-0.83815841
0.56359773
-0.93124413
-0.50897531
2.503392
