-0.72906239
0.21891067
2.5632268
-0.96424791
2.5129932
2.6375165
-0.053267093
1.0596537
-0.86808954
0.066772372
-0.52249318
4.7107004
1.4741108
-2.0475215
-0.75079997
-1.557578
-1.0941317
1.8272
-1.5723206
-2.013095
-0.82752338
5.9754132
-0.55482664
-0.6623113
-1.6004829
-1.8965116
5.7234304
-1.7863673
1.6086916
0.10602422
5.7726423
1.4058976
0.86434736
-0.99498439
1.323847
-0.46813612
-1.1198292
-0.2582306
-1.2248464
-0.9003753
-2.4407082
5.5166131
0.9626267
2.0874532
-2.1692542
-0.083660496
-0.49285981
-0.30930134
-1.5502433
-0.34864318
-0.97603112
-1.2825109
1.4467911
1.331982
-1.97387
-1.3614473
1.6648439
0.47663109
-1.4074574
4.7327919
2.8221262
-0.76103754
-0.42644805
-0.45216056
-0.44374143
-1.3286978
-1.0934814
0.16107554
-2.6022659
-0.83938638
-1.037254
1.1253613
-0.24269975
-0.78391004
-2.6354828
-2.2606886
-0.46562668
0.45230013
-0.93828012
-0.61628069
-1.1888771
-1.1344675
0.34948581
1.0665204
1.3452437
-1.0109976
1.2428929
-1.1565467
-0.46845255
1.5533935
-1.7837071
0.65927288
-1.7239365
-1.2273754
-0.047281383
-0.81740434
-2.0254699
1.437861
1.2743209
1.0311149
1.8901263
-1.4948607
-1.9500671
-0.78037978
-1.0651888
-0.58920112
0.69958929
-1.1455043
1.1043248
0.40229997
-2.1632494
2.8978032
1.5867794
0.74907503
1.6953301
-1.2415699
3.4746933
0.47229667
-0.85410215
1.0181248
1.1627979
1.6509195
-0.10957737
0.75214352
-1.0672372
-0.0086311628
-1.5608954
-1.0351725
-0.91950353
0.079923579
1.2683368
-1.2404614
-1.0629211
-0.80658219
2.2724837
-0.12244467
-0.40846397
0.37351281
0.2368017
0.7509198
-1.3286995
0.29427441
-2.5052275
4.3624064
1.3710603
1.3831249
-0.059974561
-0.059205563
0.029904642
-1.7101262
0.70231163
0.84674254
-1.6951217
-0.5629285
-1.1299515
-1.6540672
-0.76881408
-0.53954134
1.5320178
0.65391419
-1.1667081
0.068003136
0.95524363
3.2715629
2.5170702
5.1801171
-0.54152617
1.290483
0.93027265
-1.5943967
-0.5809218
2.5252101
-1.0935276
1.5877467
-1.2854069
-1.4314563
1.9475909
1.3040026
0.011911824
1.2879074
-1.4359084
1.8630444
5.5021867
-2.2152876
-1.4228315
-1.4096887
-0.82320751
-1.6910902
-2.1732759
1.3987994
-0.11210578
0.94777665
-0.28347656
2.9462837
-1.701445
-0.66267778
0.012614204
2.2264854
0.99769403
1.9464547
5.5919248
2.417022
3.9658489
1.0290573
0.22345496
1.9912792
-0.23327981
-0.67181081
3.5751776
1.2386413
-0.67564132
1.2818799
0.080513576
1.0506195
-0.41114882
-2.4852817
-2.0811326
-1.4762635
-0.58791707
-1.5413518
1.0699212
-1.1755813
0.50825997
0.14277306
-0.36015118
0.40087938
-1.511558
-0.51874
-1.4315863
-3.1018634
1.4258831
-1.3720442
0.1127496
2.1333009
2.1305792
0.48300919
-1.7933255
-0.4284446
-1.621702
0.86833264
-0.93848194
0.86309035
0.74540883
-1.446375
0.18867664
1.5682992
1.8330041
-0.47103948
-3.2106164
0.53560059
-0.32805667
-0.79479524
-2.2254343
-0.19489052
-1.4257798
-1.0396535
-0.22517447
0.59054614
-0.63793154
-1.0673292
0.56400012
-1.3518727
-1.7333726
5.4153674
1.3939831
0.39963791
3.1000027
-0.85630415
2.6580181
-1.5381692
1.7561261
1.0272873
1.3530793
1.2058773
-0.73112106
5.8122286
-0.18385473
1.2903051
-1.2795076
5.6781666
-0.60575229
1.4114736
-0.033802316
5.3702903
-2.5209793
-0.51333358
0.048803985
-1.4523931
-0.85466507
-0.67598727
0.87231446
-0.10101336
1.105593
0.85297108
-0.63116983
-0.50273112
2.0648308
4.7560716
1.3346055
-1.0066563
1.1467143
5.7695943
0.025085395
2.7488736
-2.6615166
1.8603649
1.3543521
-1.7980965
1.4400253
-0.89511026
-0.55054636
-1.6126759
-1.844018
0.16424846
1.2513889
-2.0427676
-1.1685653
1.2378304
-1.3868716
0.8159909
-0.10946145
-0.67497267
-2.3808563
0.87776389
1.3782887
-1.0392052
-2.5628092
0.2938598
-0.27609302
0.82694896
-0.43607642
1.1689151
3.339487
-1.6252279
4.4651463
-2.3864428
-1.1453988
-2.0199757
-2.0863746
1.6088465
-0.67639968
4.7361189
2.3979512
-2.0650704
-0.50791939
0.085377293
-1.8538653
5.3375633
3.1263354
-1.7872131
-1.8096279
-0.52752297
-2.4806408
-0.71919216
-1.4990034
-0.50891761
1.0188155
0.88773001
-1.4568432
-0.20994418
-1.5751589
0.020465787
-0.71200914
0.51737125
-2.2045261
-0.41514692
-1.5472619
0.59447824
1.8112116
-1.5494946
0.63420827
-1.0582436
2.7797535
-0.97152041
-1.4648162
1.4007499
1.4594961
-1.7756661
-0.7789424
-1.0199723
-0.66425167
-0.85244316
1.672586
-1.9913373
-1.2490955
5.0463815
0.89411853
0.98895143
-0.3634356
-1.7195876
-0.86402829
2.951248
0.15583267
-1.7547704
1.6101021
1.0292873
-2.3287998
-0.81028537
-1.1721865
-0.74899525
2.5250909
-2.3406868
1.8457821
2.1191887
0.44017465
-0.84951933
-0.51673541
6.138736
0.42743227
-1.2443252
-0.99058646
0.78500206
5.9687258
0.024670931
-0.78690148
-0.62851895
-0.88679235
1.9849445
0.45698559
-2.0003056
-1.9500387
-0.25878929
