0.89975493
0.19827071
1.1588046
0.60420808
-0.36856665
-1.0760934
0.45994862
0.88261234
1.2245338
-0.41575633
0.99102896
-1.5728018
0.90873937
-1.2984452
-0.98420972
-1.2772074
-1.0583158
0.59647062
1.3420916
0.89977364
0.073500977
0.95024139
-0.58360773
-1.0871922
0.90329709
0.70408788
-0.93195995
-0.30083188
1.6344001
0.53766531
-0.46886348
0.88121196
0.89363873
0.86647224
0.5119284
0.36330453
1.1830716
-0.90461292
0.42671407
-0.56340122
-0.91118969
-1.1041303
-1.114418
-0.15933099
-0.055412396
0.13262847
1.3834396
0.99213522
0.54207801
-0.055037892
1.1801398
0.0051402143
-0.084670331
-0.43574603
-1.0039201
-1.171516
0.9271301
0.74018375
0.00028878555
1.1021095
-0.96889877
0.092267319
0.33683151
0.59184923
0.14771759
-0.51409584
0.81885
1.394383
0.50521847
0.81795725
0.97532237
0.5742322
-0.8572829
-0.10047894
-0.0015126753
1.5921244
-0.15296589
-1.4827536
1.4727194
-0.15099564
0.81645224
-1.1864243
-1.2925623
1.2664142
-0.064608512
0.34761657
0.84831001
-0.52301858
1.0745369
-0.43828961
1.1850682
-0.15886576
0.78641393
0.19139423
-0.87369644
-0.28394865
0.68494152
-0.35383773
-0.69032984
0.065722308
-0.98416334
0.94382774
-0.52540567
-1.0675547
-0.84251777
1.2165629
-0.78234361
0.019126669
0.51145661
1.1074655
1.5560991
0.86183394
-0.50313835
-1.1273491
-1.085777
-0.094017409
-1.0949072
0.62030862
-0.12773564
0.62238772
-0.96966699
0.46507445
0.77802555
-0.96577091
5.207563
-0.80808507
0.92940887
-1.5125549
0.80344002
-0.62692395
0.96043899
-1.1377295
-0.51616627
0.88270317
0.43286448
-0.5369661
-1.3317392
0.38092688
-1.0249165
-1.0223296
0.52429689
-0.97950743
-0.6174542
-0.44934724
0.65440274
0.74198164
-0.19291976
-0.68271736
-0.3239467
0.038081688
1.4692122
1.446937
0.11582868
-0.11910762
-0.027971426
1.1753874
-0.25789051
-1.0029741
0.76577558
-0.35892048
-0.46370717
-1.0752801
1.1162684
-0.99081507
0.088893089
-0.18907675
-0.67203448
0.81830396
-0.38000323
-0.70350715
0.96063882
-0.92200925
0.4074818
-0.62066388
0.9157616
-0.022456853
-0.42406869
0.42942516
-0.86794817
1.3477979
-1.0475428
-0.67672144
0.51425928
-1.0077455
0.50981322
0.076250322
-1.2235194
0.72852199
-1.5495271
-0.57893351
0.01327363
0.43245815
-0.91866557
0.091773327
0.057672458
-1.1485216
0.95478978
-0.70421063
0.75907315
-0.46509481
-0.81785778
-0.59557009
-0.58721404
0.44646862
-1.0106389
-1.0344375
-0.63484946
1.1725959
0.71907944
0.12909505
-0.92063487
-0.5380045
1.2945387
-1.0073444
-0.39400261
0.94856405
1.1287358
-0.89012315
-0.99473184
0.46713276
1.2503496
1.3649023
-1.1958226
0.94415184
1.0693478
0.13352231
0.58232026
0.10085738
1.3996355
0.85761532
0.59008663
0.77680081
0.84029934
-0.2139818
-0.31950473
-0.50050385
2.3065318
-0.58797011
0.53278744
-1.6807906
-1.130397
0.77495807
-0.32241156
0.85736298
1.1320465
-0.49165146
0.18149212
0.8725608
-1.5105155
1.3314004
0.42141042
1.4586433
-0.96192193
0.45099333
-1.0515132
-1.2788975
1.1942119
1.0102895
-0.82556479
-0.87268395
-1.1475333
-1.1290405
-1.4888839
-0.90349137
-1.1735555
0.81151087
-0.89765618
-0.93901143
0.93257306
0.86554677
1.2642178
-0.68510908
0.06823587
-1.046664
-1.0541535
-1.137171
1.1493785
0.899384
0.14239923
1.0890286
0.60761008
0.45686445
-0.60872727
-0.89369778
-0.76530463
1.3914993
-0.76070296
1.2975297
-0.34866455
-0.50357741
-1.1236178
1.0296425
-1.1514555
0.83559186
0.33221051
-0.96110287
-0.82570081
0.72165971
1.0379938
1.305596
0.65172514
0.60783649
-0.17836458
1.2432283
-1.2326983
-0.8496687
-1.073531
-0.2968872
-0.9097208
0.44784749
-0.69934579
0.94130368
-0.52849903
1.2151034
-1.385232
1.1690636
-0.19938345
-0.14996901
-1.311997
0.83799267
-1.0670345
0.53712265
0.057882017
1.3078376
-0.93938414
0.35935689
-0.25569691
1.1286467
0.034731954
-0.85829732
1.8352125
-1.1810766
0.4860246
-0.95091488
-0.58041323
-0.019411027
-0.19359203
0.98829409
-1.0639098
-0.30806218
0.54065507
-0.8606652
-0.39468762
0.96675409
-0.6872713
-1.1248663
-0.89203371
0.67694721
-0.87659574
-1.1939082
-0.8664353
0.81737794
-0.35540737
-0.82423875
0.25415784
0.61956951
-0.30661813
-0.77784719
-0.14036896
0.9505544
0.76289783
-0.5681606
-0.88068262
0.97844296
-1.3429527
-0.80762854
-0.73756662
0.31540642
-0.98858829
-0.051388453
-0.10063087
0.95208884
0.31250064
0.80131438
0.52792634
0.74701056
1.3232892
1.8625384
0.97276653
0.91081991
-0.57579333
0.67932275
1.0443649
1.2440808
0.6373719
-0.88798906
-0.10138548
1.3700679
-0.84659078
-1.3939897
0.75809918
-1.5378198
-0.29110635
0.51767595
1.0253791
-1.1465947
0.84677729
-0.41728751
2.3065318
-0.87618095
1.4452287
0.99703293
-0.19381962
-0.68341356
-1.0277111
0.14989441
-0.23608421
-0.45878592
1.0678744
-1.0153318
-0.86050713
1.2187106
-0.54766617
-0.017757979
1.0226961
-1.2298064
1.1283649
-1.6416306
-0.8879372
0.77758425
-0.54175059
-1.457803
