-0.13959406
3.6407625
-1.129107
0.69572368
-2.6087568
-0.84271064
-0.47371996
1.8535162
3.7903689
-0.32538339
-0.44119056
-1.2180752
-1.9603484
0.37965159
-1.0073052
-1.5473106
-1.274457
-1.3525007
-1.2434363
0.12715077
1.9198667
-0.79003854
1.5933789
4.8996023
4.1531057
-1.1806506
3.8537852
-0.69083168
-1.2631702
-1.2056174
-0.11502592
0.65059567
2.5304173
5.2106143
-1.9418849
2.7606297
1.4769864
-1.7262092
-1.7653817
-0.94648391
-2.6618523
1.4936382
-2.1998294
-0.81387312
-1.2920917
1.8649426
1.1304518
2.5515982
-2.1458581
-1.0645582
1.8962984
0.12370782
-2.4627934
0.68418936
-1.9826762
2.9079741
0.70931714
-0.41819856
-0.87232048
0.84901567
0.27336937
1.5873288
5.0467063
1.7361568
3.2614672
-1.4332201
-1.7696403
-1.5022819
-0.87947158
-1.0833146
-0.16334636
3.1433425
3.9381483
-2.0190944
3.1238509
-1.4542541
-1.7094663
3.2835949
1.8050008
1.2950378
-1.2991899
1.3171032
-0.266911
-1.4642432
4.8484218
-2.3379846
0.11011388
-1.336103
-0.63002284
2.0482136
0.89531229
-0.54170705
-1.0151225
0.46273606
-1.24103
1.4511607
0.98853826
1.3418356
0.2018178
2.0055366
2.4140155
-1.8536782
1.2241942
-1.0944379
-0.98675834
2.5583174
-0.5668235
0.2721275
-1.3899018
-1.1828292
0.13161406
-0.37506601
-0.73913856
-0.82973618
-2.307216
1.4479953
-0.49136579
1.6459493
0.81785288
-1.3026205
-1.0407542
-0.50415588
-1.343118
-1.3044015
-1.6475053
5.0359673
-0.55303503
0.94580503
1.9668684
0.28556352
1.8834574
1.0320491
0.55876791
0.72531456
0.89150259
1.1164723
-1.1450824
0.30202248
2.9897623
0.48351535
3.4602544
4.4671246
2.0769664
-1.0609364
3.1587483
2.4019936
-1.8262815
0.31474493
4.5584353
-1.1561024
-2.1887767
-0.32726635
-0.20266264
3.8025761
-0.56427212
-1.1109784
4.3822394
-1.7606926
-2.0057092
2.0084729
1.5298962
0.22193321
-0.73469773
3.2918325
-0.84673911
-0.74737246
0.14116883
1.6389233
1.4622484
1.0323634
3.8235554
0.34096765
3.1111174
1.1092715
-1.4110633
-1.2858259
1.2682692
-0.98431502
-1.1906664
-1.7799727
3.3941339
2.1982594
1.1600316
-0.16739531
-0.87854819
0.2431384
-1.3611706
0.94850855
-1.4424876
-1.7862507
0.45070728
-0.059045193
-0.76870086
-0.53299999
-1.7876634
-0.40835033
-0.83078809
1.9976612
0.31336674
-0.9848451
2.685526
-0.31360915
1.3438169
2.8168686
4.8812795
-0.36226194
2.5724019
-0.12648417
4.1545301
1.7743552
0.38681369
0.47771396
3.8906697
-2.5751993
-1.7166512
-2.4352491
-0.6673963
-1.4994599
-0.48333834
-0.76831265
1.56315
-0.0016982622
2.3675532
-0.50564164
1.3854367
1.7093392
2.1075309
-1.0056126
-2.9104076
-2.1960688
0.45656067
-2.2156126
1.2771499
0.88354232
2.133643
-0.44694726
-0.36695862
-2.2790972
-1.6643595
2.0652261
-1.6030145
-0.045579637
0.23413108
-1.2337004
1.0688797
-2.0445941
-1.0567091
3.7819774
1.9974494
1.1782911
-0.86230794
-0.27644024
-0.71269099
-1.9149329
-0.22476771
-2.1580143
0.35727028
-2.6069581
0.12599813
-0.877735
0.40133972
1.0762048
0.53177358
-1.5232127
1.6692632
3.1088312
0.44460026
-2.0363767
2.9093201
2.7021029
4.6952047
-0.92267999
1.5510523
0.12873857
2.5310563
3.7986309
-2.0587614
-0.85736841
1.4748388
-1.9964258
1.673915
0.11784868
0.58024844
3.9785082
4.1620795
1.9188839
0.16520813
1.5262392
1.4545234
-2.292036
3.9146542
-2.3909065
-0.89352283
-0.7895022
1.2913344
-2.2805678
0.38444884
2.0736688
0.58948801
1.1177666
2.7213221
-1.1709869
0.98133627
-1.0466072
1.9396784
-1.027155
1.2312722
-1.4247399
3.1559713
-0.6784243
-0.7286928
1.9364829
-1.9062562
-2.0355448
-0.36985369
0.082668279
2.5761972
-1.2574939
-2.6355589
1.4072619
-0.38561319
-0.325749
-1.0467167
-2.3188133
-0.95325378
-2.3327956
2.2494332
-0.25169696
-0.83245424
4.5706942
-1.7692327
-2.307216
3.6497112
-1.7410183
1.5437286
4.3118769
0.15751801
1.4170652
-0.8873158
-0.62843738
3.3590243
-1.1964336
3.157173
-1.2585148
4.2475628
1.5332521
1.8616458
-1.3286272
-0.87332767
-1.5066241
-0.60952469
-0.5787735
-0.96756438
0.81708543
2.6023303
0.77455529
1.2476104
2.5325889
-2.1787604
-0.71684316
1.309204
4.7963236
1.2197234
-0.78367815
-0.21025583
2.1741607
-1.2456249
-1.0044436
2.1233454
-0.70683718
-1.007311
-2.270148
1.5416765
-1.0655219
-1.2836474
0.84768895
0.92738012
0.16751814
-1.3214983
0.44864338
0.2561367
0.20473749
1.259345
4.3868286
1.3249312
-0.40709642
-1.0103681
1.4264335
-0.61221821
-0.43131638
-0.2484267
1.0967126
-0.26087213
0.66083649
-2.3668567
-2.225416
-2.1433945
-0.51480003
1.3361633
-1.7225334
-1.2594128
0.50677791
2.1894447
1.8414415
1.4442259
-1.9429115
-1.7321851
1.1507366
-0.93868567
-1.294043
2.2296824
3.9257407
0.17977437
2.2309702
-0.55485398
-0.85632917
2.5949084
-2.5703125
0.23494985
-1.6656921
1.2716009
-0.57716005
