0.06215378
-0.10635732
1.5763548
0.017738851
-0.0066900077
-1.8631071
-2.1411483
0.72378655
0.10926862
0.038913337
-0.63635603
-0.76897717
1.0057293
0.62223085
-1.8857952
-0.47074398
-1.8552915
-2.3391939
1.4797755
0.45289125
1.2204213
3.4972829
-0.22235274
-0.63232177
-0.075082087
-1.0080701
-2.6798659
0.24725796
1.3491275
0.049963967
-0.75941481
0.55634147
0.7386489
-0.786478
-1.2154355
-1.1563284
-0.89616363
1.8683291
1.3574342
-0.3158824
0.56952475
0.25045335
2.3205323
-1.9693135
-1.0106417
-0.22429202
-0.4009384
0.11503356
0.42942716
-0.23554024
-0.81722124
0.17145875
0.19611507
1.0275004
1.2767361
0.46173255
-0.31141646
2.7946361
-1.0165234
0.7288992
-1.0708527
-0.70414384
-0.61797571
0.27888426
-2.2742241
-0.8328713
-0.062115175
1.0084796
-2.0683664
-1.6513722
-1.412324
-0.23297179
-0.21762474
-0.45492249
-1.6285816
-1.7945908
0.232629
-0.049682444
0.19594047
0.89998108
-1.4674814
-1.075223
2.9948288
-0.32029662
-0.49165961
-0.20095619
-0.23417013
-0.39035914
-1.9826887
0.23796863
0.43668083
-1.0190118
0.30418395
1.4782503
3.5601915
-0.050864724
1.1046235
2.7697488
0.51165945
0.24988017
0.39320964
0.22835719
-0.98609339
-0.29825601
-0.9250921
-0.76262231
1.1127755
0.99589011
0.19441267
-0.45224071
0.42677693
-1.7149074
0.13742523
0.23911268
-0.81187895
-1.119413
1.0347688
0.011284756
1.4324009
1.1151537
0.54296968
-2.4229576
-0.92440278
0.051922422
-0.13097697
-0.83922762
-0.92184608
-0.20932664
0.00065977068
-1.5378894
0.13363196
0.32524831
0.38117003
2.6721547
-0.83999752
-1.0639024
-2.368262
-0.40714561
-2.7471063
-1.6013235
1.3321905
0.55838381
-1.692187
0.76723099
-1.0293886
-1.4185536
0.80957971
1.3512474
-0.14622079
-0.8099964
-0.06842787
-2.5913318
-0.025056997
-0.3579893
-1.3302772
-1.129933
0.23826336
1.1039961
-0.029986665
-0.40764478
0.13344686
1.9704334
-0.6008246
0.93258764
2.0311704
0.20783343
-0.33247489
-0.010842835
0.16842512
0.14950635
-1.792851
0.18918619
-0.44687236
-0.3109175
2.2206709
0.043928404
-0.16315997
0.81920233
3.2573727
1.102001
1.055251
0.19666256
0.63116217
-2.2665312
1.2920889
2.7048495
0.23619448
-0.64700319
1.3934767
3.6481637
-2.4714509
-0.4196424
-0.35479103
0.32012661
1.1528939
-0.66098886
1.0884985
-2.1923696
-0.88150638
0.62502512
-1.6906652
2.1314436
-0.179083
-1.8677062
0.56639695
0.14815877
-0.50442122
0.92334488
0.68833644
0.40333062
0.86715974
0.038271042
-1.9575373
-0.047195256
-0.012889573
1.4199222
1.2359037
1.1001836
1.0180864
1.6575724
-0.050304726
0.57108259
1.1908778
1.2998294
3.29919
-0.16988331
0.28641811
-0.47435432
1.2912738
0.38887694
1.2527179
-1.8880578
-1.4333816
-0.661037
1.0876262
-0.61464036
-0.28082222
-0.63587351
0.060488097
-0.90110524
1.3562872
0.58388179
-0.94345358
-1.3380073
-0.7783605
-0.29281354
-2.1865134
1.0782641
1.6797763
-2.0662377
-0.48952895
1.8424127
2.0468666
0.26092296
0.11338434
0.097511515
0.34918759
1.4302804
-0.04282611
-0.0099112309
0.68333108
0.057610994
1.6673906
-0.96804586
0.58802119
-0.20874869
0.75586173
-1.0974348
-0.33644823
0.21917314
1.1328472
-0.64216229
0.54923826
0.44410491
0.85833608
1.2784888
-3.1934615
-0.73748551
-1.9061736
-0.0894393
-1.03828
-0.43785807
0.80788591
-0.42992061
-1.7947722
1.0533059
-0.42619532
-0.099931114
-0.72656676
-0.88265185
-0.25766575
-0.65935522
-0.3334505
-0.28511334
0.92284374
1.4327424
1.5305162
3.11937
3.1529874
0.82870182
-1.5059073
-1.1321302
-1.9339197
-0.038382393
-1.0506935
-0.28431716
-0.56156304
-0.093463001
-0.90783381
-1.5708428
0.56094825
-0.7095479
0.23348015
-0.57737974
-0.045601319
-0.74452934
1.0492213
0.46508893
0.041576193
-2.4662426
0.50037321
1.7459607
2.0973532
-0.3494851
-1.2383519
3.1339671
-0.11228056
-0.58221128
0.2421843
-0.64007585
-0.72045239
1.8611039
0.39847866
-0.68374092
0.22422084
2.3172135
-0.26386747
0.80274311
-0.65050743
-0.98245234
-1.4122573
-1.1448016
-0.06836424
0.99576212
0.097761745
0.76127756
-0.47246582
-2.2068875
-0.58654616
-0.92933326
-0.34221625
-0.18098532
1.1697282
-0.44365307
-0.25433321
0.40945611
-0.19603914
-1.7553744
-0.49874647
-3.4827041
1.1333863
2.1596366
-0.29683211
-0.67598595
0.23835328
2.021685
-0.42920501
-0.21554508
-0.35863667
-0.31506027
0.87545046
0.046319987
-1.8694911
0.96691972
0.21177669
0.58938186
-1.0144131
-0.82832247
-0.81216647
1.6807447
-0.53889111
-0.038604463
0.42348349
0.31060456
0.32276279
-0.36208788
-0.66850949
-0.15352234
-0.2534566
-1.4493282
-0.88141246
-0.89023416
0.85463648
-0.36536261
-0.93711282
-0.43662293
-0.22336129
-2.4229765
-1.4429248
0.49069852
-0.30134856
-0.6425602
0.94680044
-0.072729026
-0.57607979
0.085774816
1.337929
0.82740987
0.25559578
0.78079241
-0.77598488
-2.4799429
2.551775
2.0701076
0.53127913
0.39424766
0.66351987
-1.2410218
0.71579231
-0.011925613
2.4077271
0.73407554
