0.93099871
-0.18064786
1.3023573
0.26289332
-0.75590545
-1.2365335
0.70116423
0.95637712
1.6107153
-0.48481853
1.1914552
-1.6665052
1.0816248
-1.5473939
-0.97823119
-1.2586103
-1.178778
0.62611384
1.6694236
0.92501248
-0.13852789
1.1260161
-1.2149333
-1.219351
1.1398421
0.44795115
-0.95326542
-0.93423711
1.6056659
0.032919126
-0.36836009
0.92492273
1.0335875
0.7543334
0.73708015
0.4659498
1.2485062
-0.93578441
0.062907649
-0.61182834
-0.89940083
-1.0596286
-1.0600983
0.09101148
-0.23267405
0.23336771
1.6938849
1.1335328
-0.058131082
-0.68702595
1.4178846
0.20363024
-0.6184329
-1.081061
-1.0095664
-1.4377882
1.0053651
0.32226368
-0.043379628
1.3780414
-0.97186791
-0.15664268
-0.068078734
0.66699815
0.22382433
-0.52332069
0.93041853
1.4524366
0.78038467
0.9206951
0.91849506
0.89582274
-0.98575877
-0.041183104
-0.44724719
1.656774
-0.13954367
-1.5884611
1.8748859
-0.018763795
0.70483419
-1.2065874
-1.3900947
1.2893077
-0.61864261
0.43971102
0.8131646
-0.62946947
1.205096
-0.46531132
1.3360346
-0.34705604
0.25774902
0.44648311
-0.92502683
-0.20078054
0.72290591
-1.0275113
-0.95917637
0.19374339
-1.0941078
1.1377317
-0.55001619
-1.1630153
-0.91649909
1.47322
-0.82063268
-0.36206543
0.86362737
1.3168863
1.4868002
0.92429349
-0.70667564
-1.2444389
-1.1855693
0.14882251
-1.2008899
0.59997893
-0.74497791
0.1289221
-0.97617836
0.25724857
0.83746085
-0.95704699
7.6223508
-0.85625291
0.71538224
-1.6904744
0.98927371
-0.7953787
0.90133894
-1.0466876
-0.76607186
0.99746278
0.53595078
-0.84159401
-1.4374541
0.054040655
-1.1452268
-1.1295684
0.58912215
-1.0771535
-0.82533809
-1.1691401
0.6563202
0.89249149
-0.8202088
-0.3709599
-0.52412807
0.14360629
2.0826897
1.9936753
-0.34187721
0.031765123
-0.35348481
1.5007938
-0.49993197
-1.0542654
0.73675358
-1.0188885
-1.1511426
-1.0932788
1.2063539
-1.0183169
0.25381205
-0.38931475
-0.99469341
0.85421768
-0.57804987
-0.84589835
1.2569386
-0.9286964
0.058133684
-0.92688594
1.1595023
-0.4060753
-0.56085276
0.050503193
-1.0670112
1.2240253
-1.2439591
-0.9111507
0.2339356
-1.0495497
0.88795496
-0.43232369
-1.1826034
0.88045388
-1.6559586
-0.79056853
0.26065883
0.7086701
-0.99480991
-0.3440554
-0.17244367
-1.256697
1.1310471
-0.79930817
0.78408681
-0.23873451
-0.85906381
-0.66755633
-0.76177309
-0.077701936
-1.0854989
-1.1257925
-0.70464713
1.3885464
0.15442384
0.41751373
-1.1366863
-0.81431837
1.7187632
-1.167154
-0.30634745
0.9630118
1.4236192
-0.96571549
-1.0696271
0.087199259
1.6119497
1.7242583
-1.1187969
1.0583068
1.181293
0.049880213
0.87213459
-0.089042094
1.788293
0.78681297
0.77184061
1.0533252
0.96413852
-0.84897466
-0.51248531
-0.61620701
3.5350576
-0.6762749
0.65391005
-1.8152409
-1.2696649
1.0180553
-0.13759376
0.90415315
1.2086052
-0.82037439
0.29961029
1.0063816
-1.6815183
1.7703811
0.35151633
1.5833598
-0.98654988
-0.087162818
-1.1114076
-1.1752921
1.2251769
1.2995287
-1.1300019
-0.89671935
-1.2483148
-1.1158305
-1.6493121
-1.0015273
-1.2529676
1.0357867
-0.93308086
-0.95719831
1.1271211
0.90270577
1.5458777
-0.75973503
0.2400631
-1.0652347
-1.1203763
-1.1150093
1.1757285
0.78707503
0.32267833
1.4056007
0.51806482
0.19558486
-1.2169954
-0.99446473
-0.86120386
1.6871453
-0.95689419
1.6067677
-1.0300012
-0.7545547
-1.0288271
1.0770975
-1.1476758
1.0130402
-0.12835191
-1.0031675
-1.0345101
0.77357075
1.2256612
1.8574075
0.13187264
0.39729757
0.17084648
1.4508976
-1.341507
-1.1093283
-1.1716159
-0.36168224
-1.112207
0.68154604
-0.77852224
1.0674941
-0.59515053
1.297497
-1.5419431
1.42658
0.06265882
-0.39340743
-1.3794622
1.0744349
-1.1848663
0.6737709
0.18705191
1.6850756
-1.1356523
0.19205623
-0.13124637
1.6020613
0.13972884
-1.0509109
1.8874485
-1.1315669
0.49292182
-0.95668178
-0.62592629
-0.19575349
-0.3427213
1.1283393
-1.0859393
-0.35604823
0.27034617
-0.84504644
-0.51363169
0.94192156
-0.82576444
-1.2551472
-1.0612895
0.93192498
-0.90983054
-1.3144409
-1.0079012
1.0164716
-0.46610708
-0.88955162
0.37432869
0.046382245
-0.11878021
-0.99545407
-0.74059684
1.2683208
0.87179086
-0.84601684
-0.90709248
1.0041553
-1.3289169
-0.86168958
-0.76030995
0.15419721
-1.050917
0.10476303
-0.70234154
1.0096456
-0.28675131
0.51411099
0.29377151
0.2403377
1.8326297
2.0822597
1.0872784
0.88604007
-1.2122101
0.86308057
1.1405206
1.5728656
0.64408945
-1.0527859
-0.27932082
1.9147746
-0.93445087
-1.5026679
0.81414285
-1.6418579
-0.54527828
0.65288836
0.96225239
-1.1280151
1.0685093
-0.29176176
3.5350576
-1.1245072
1.8083013
1.2357365
-0.048308053
-0.95615901
-1.0265864
-0.028118434
-0.89595297
-0.70352677
1.1318267
-1.0675531
-0.90753887
1.2700143
-1.1382783
-0.41519236
1.0806402
-1.202371
1.0573687
-1.7981265
-1.0332543
0.99698011
-0.61704654
-1.6105124
