0.50471887
1.0344046
-0.080140454
0.6219267
1.3339862
1.04701
-0.59368001
0.79797077
0.79410044
0.99424618
-0.28149297
0.81895531
-1.0019402
0.25074705
-1.5552782
0.56654307
1.3703105
0.098157297
-1.3643853
0.27790313
0.27084915
0.95198125
1.0430125
-0.80908453
-1.5807193
-0.4729713
0.79608407
1.2587667
0.10826885
1.3306093
-1.3204567
-1.3810546
0.034990432
-1.2138906
-1.1732832
0.30520286
0.6770832
1.4176659
-0.33850665
1.2505695
-1.1281534
-0.61811732
-0.18328897
0.86818655
-0.026475857
-1.0811964
-0.64908893
-0.27962037
0.18097562
0.57000874
-0.34064147
-1.0130746
0.61431493
0.66646039
0.3653056
1.3812835
-0.12744586
0.87438949
1.2695282
-0.20098313
-1.1021793
-0.65441725
0.33915472
-0.7449057
1.3658733
0.02457402
-0.80501091
0.49233632
1.0660341
1.3884962
-0.87542528
-0.54371778
1.0813996
1.1875113
1.0800749
0.64812715
0.29298896
1.0238893
0.25472045
1.2846566
-0.80481018
1.4883984
-0.17709403
1.2069047
0.6448684
-0.68916274
1.0321433
-1.0831884
-0.87390124
0.60295326
1.0997002
-0.42898947
0.080847821
1.6274879
0.1189629
0.71595368
-0.046075008
0.7188431
0.45772304
0.12172394
0.63876062
0.46702391
0.85408104
1.236126
0.754895
-0.64855208
-0.55862108
1.0634871
0.79584786
-0.76380537
1.0896144
1.3041622
-1.347904
0.38184577
0.76177542
0.79371249
-0.42735096
-1.0040887
-0.1200102
0.99993744
1.2767238
-0.78292482
1.3562756
-1.2843093
1.238096
-0.057658101
0.3291472
0.24277322
-0.78665989
-0.13462797
-1.1587488
1.160564
0.25782834
-0.54197779
-0.77039904
-0.76455161
1.0019254
-1.2111024
-0.83522335
0.1427121
0.70048424
-0.0093857426
1.2950618
0.82738763
-0.65401667
-0.28688176
0.042724954
0.17190706
0.26167324
-0.71181825
1.3681024
0.36616663
0.67536195
0.89605362
0.71268763
1.1757158
0.76311102
0.57559134
-0.9518555
1.491014
0.99108734
1.4370568
-1.1281653
0.066752249
-0.17502031
1.6080824
0.75409685
0.24036656
-0.43527157
-1.4243609
1.2608981
0.2045105
0.82584939
0.81879926
0.82820262
-0.3204557
-0.35760214
-0.16012315
1.4150756
-0.017383082
0.13144173
-1.3637982
1.1305268
1.0698447
1.3281417
-0.77232476
1.3283073
-1.3739398
0.053147294
-0.16305807
0.16036276
1.5597886
0.62404651
-0.96680607
0.88984958
0.43453673
0.26628408
-1.5316678
0.66212338
-0.004432409
-0.029602303
0.021631373
-0.38360022
-0.15852975
-1.5134337
-0.20085881
0.19234058
-0.73282286
-0.36811769
1.2665458
0.23020007
1.519221
-1.4404487
-0.54109054
0.9207137
0.83535758
0.12695079
-0.36882196
-0.37325391
-0.090094986
0.40263122
-0.87984612
1.2746576
0.16882233
1.3096099
0.44158592
1.10997
-0.31861401
0.36011083
1.0884081
0.79824485
-1.1923382
0.56975446
-0.79643886
-1.2025639
0.25926258
-1.1890271
0.45823583
-1.1438614
-0.40599789
0.28487922
-0.85852358
-0.73898194
1.3843344
1.2227022
-1.189739
-0.66069257
0.95410287
0.9140128
-1.1098584
-0.67401843
-1.0532655
-0.12064726
-1.3885831
0.81436917
1.3678842
1.4006301
0.25441523
0.21810912
0.3891881
1.056087
0.92565746
1.1981991
1.3625019
-0.27418062
1.1397044
-0.088189416
0.087041365
0.35339586
0.43629232
-1.7336632
-0.90161527
1.2052559
1.7724506
0.37014905
0.90984956
0.38607192
0.43862752
-1.1240821
1.3459002
0.63989733
1.2723169
0.55851388
1.0078843
1.1531505
-1.5442891
-0.46800884
-0.66516986
-0.81340733
-1.5291265
0.16224721
1.4445391
0.28755456
-1.1596186
-1.38163
-0.22268171
1.4474325
0.053202625
1.2265096
0.39970737
-1.2967303
0.11898735
-0.021274889
0.086901952
-1.1710706
1.0253604
0.99470576
0.90931439
0.9600275
0.27914404
1.3679991
0.24836478
-1.003513
0.24391242
-0.56831521
1.0833761
0.21363093
0.27807977
1.2883262
0.86847845
0.57056724
-0.29517158
0.15629236
0.19836525
-1.6064742
1.4171133
1.4199323
0.87834289
-0.81046752
-0.973434
-0.89496506
-0.00078266927
0.21014701
0.65159727
0.16961986
1.0314218
1.1827818
0.20032647
-0.35329778
0.42459712
-0.84344665
0.26391325
1.1735938
0.71599129
1.2939683
0.087517154
1.2669822
0.77334787
-1.0339939
0.92001097
0.23336484
-0.96206271
0.63054774
1.3105161
0.97102691
-0.37486219
0.9157191
-0.31850481
-0.47434185
1.12305
-0.17767731
0.95164819
1.3057291
1.3836058
0.54071123
0.78693198
-0.033215383
0.77892804
-0.83742797
0.47497806
1.1294022
-1.1955287
0.12182192
-1.5582809
-1.4582596
1.3888241
-0.041905165
0.51517876
-0.7448542
-1.3570286
0.86096744
1.0084901
1.0481081
-0.39922733
-0.57444193
0.81299608
1.5968706
-0.4647083
-0.94986899
-0.19361677
1.1716896
1.1797171
0.601003
0.32363417
-1.4299029
-1.3474819
0.39055556
-1.0487064
-0.54995
0.46510003
0.74643755
0.6784478
0.32647636
-1.5213516
-1.3778517
-0.062494421
-0.40009113
1.5333932
0.81812884
1.0050326
-0.44377122
-1.0876148
-1.5303199
1.5159315
-0.3618475
-1.2980215
-1.079479
-0.64328821
1.3613972
0.10258558
-1.349063
0.79165533
